0 0
200  2.333333333 
400  5.333333333 
600  9 
800  13 
1000  16.66666667 
1200  21 
1400  24 
1600  28.33333333 
1800  32.66666667 
2000  37 
2200  41 
2400  46 
2600  49.66666667 
2800  54.66666667 
3000  58.66666667 
3200  63 
3400  67.66666667 
3600  72 
3800  77 
4000  81.33333333 
4200  86.33333333 
4400  91.66666667 
4600  95.66666667 
4800  100.6666667 
5000  104.6666667 
5200  109.3333333 
5400  114.6666667 
5600  119.6666667 
5800  126.3333333 
6000  129.3333333 
6200  134 
6400  138.6666667 
6600  144 
6800  148.6666667 
7000  153 
7200  159 
7400  163.3333333 
7600  169 
7800  173 
8000  177.6666667 
8200  182.6666667 
8400  187 
8600  192 
8800  198 
9000  202.6666667 
9200  207 
9400  212.3333333 
9600  217 
9800  222 
10000  227.3333333 
