0 0
200  1.666666667 
400  3.333333333 
600  5 
800  6.333333333 
1000  8.333333333 
1200  10.66666667 
1400  12 
1600  14 
1800  15 
2000  16.66666667 
2200  18 
2400  20 
2600  22 
2800  23 
3000  25 
3200  26.33333333 
3400  28 
3600  29.66666667 
3800  31.33333333 
4000  33 
4200  34.66666667 
4400  37 
4600  38.33333333 
4800  39.66666667 
5000  41.33333333 
5200  42.66666667 
5400  44.66666667 
5600  46 
5800  48 
6000  49.66666667 
6200  51.66666667 
6400  53.33333333 
6600  54.66666667 
6800  56.66666667 
7000  58.33333333 
7200  60 
7400  61.66666667 
7600  63 
7800  65.33333333 
8000  67 
8200  68.66666667 
8400  70.33333333 
8600  71.66666667 
8800  74 
9000  75.66666667 
9200  77.33333333 
9400  78.66666667 
9600  80 
9800  81.66666667 
10000  83.66666667 
