0 0 
200 1 
400 1.66666666666667 
600 2.66666666666667 
800 3.66666666666667 
1000 4.66666666666667 
1200 5.66666666666667 
1400 6.66666666666667 
1600 7.33333333333333 
1800 8.66666666666667 
2000 9 
2200 10 
2400 11 
2600 12 
2800 13 
3000 14.3333333333333 
3200 15.3333333333333 
3400 16 
3600 17 
3800 18 
4000 19 
4200 20 
4400 21 
4600 22 
4800 22.3333333333333 
5000 23.6666666666667 
5200 25 
5400 26 
5600 26.3333333333333 
5800 27.6666666666667 
6000 29 
6200 29.6666666666667 
6400 30.6666666666667 
6600 31.6666666666667 
6800 32.3333333333333 
7000 33.6666666666667 
7200 34.6666666666667 
7400 35.3333333333333 
7600 36.6666666666667 
7800 37 
8000 38.6666666666667 
8200 39.6666666666667 
8400 40 
8600 41 
8800 42 
9000 43 
9200 45 
9400 45 
9600 46.3333333333333 
9800 47 
10000 48 