0 0
200 0.8
400	0.7
600	0.6
800	0.631578947
1000 0.56
1200 0.5625
1400 0.583333333
1600 0.523809524
1800 0.6
2000 0.62
2200 0.592592593
2400 0.616666667
2600 0.606060606
2800 0.623188406
3000 0.653333333
3200 0.632911392
3400 0.654761905
3600 0.662921348
3800 0.670212766
4000 0.656565657
4200 0.682692308
4400 0.648648649
4600 0.669565217
4800 0.680672269
5000 0.677419355
5200 0.703125
5400 0.708955224
5600 0.731884058
5800 0.715277778
6000 0.711409396
6200 0.716129032
6400 0.71875
6600 0.713414634
6800 0.735294118
7000 0.725714286
7200 0.733333333
7400 0.72972973
7600 0.740740741
7800 0.729591837
8000 0.756218905
8200 0.742718447
8400 0.748815166
8600 0.748837209
8800 0.752252252
9000 0.753303965
9200 0.754310345
9400 0.758474576
9600 0.770833333
9800 0.775510204
10000 0.768924303
