0 0
200 1.33333333333333 
400 2.33333333333333 
600 3 
800 4 
1000 4.66666666666667 
1200 6 
1400 7 
1600 7.33333333333333 
1800 9 
2000 10.3333333333333 
2200 10.6666666666667 
2400 12.3333333333333 
2600 13.3333333333333 
2800 14.3333333333333 
3000 16.3333333333333 
3200 16.6666666666667 
3400 18.3333333333333 
3600 19.6666666666667 
3800 21 
4000 21.6666666666667 
4200 23.6666666666667 
4400 24 
4600 25.6666666666667 
4800 27 
5000 28 
5200 30 
5400 31.6666666666667 
5600 33.6666666666667 
5800 34.3333333333333 
6000 35.3333333333333 
6200 37 
6400 38.3333333333333 
6600 39 
6800 41.6666666666667 
7000 42.3333333333333 
7200 44 
7400 45 
7600 46.6666666666667 
7800 47.6666666666667 
8000 50.6666666666667 
8200 51 
8400 52.6666666666667 
8600 53.6666666666667 
8800 55.6666666666667 
9000 57 
9200 58.3333333333333 
9400 59.6666666666667 
9600 61.6666666666667 
9800 63.3333333333333 
10000 64.3333333333333 