0 0
200 26 
400 53.6666666666667
600 78.3333333333333
800 103.666666666667
1000 134.666666666667
1200 155.333333333333
1400 188 
1600 214.666666666667 
1800 237.666666666667 
2000 259.333333333333 
2200 285 
2400 311 
2600 336 
2800 374 
3000 388.333333333333 
3200 415.666666666667 
3400 445 
3600 468.333333333333 
3800 491.666666666667 
4000 518.333333333333 
4200 544.333333333333 
4400 586.333333333333 
4600 548.666666666667 
4800 623.333333333333 
5000 648.666666666667 
5200 685.666666666667 
5400 705.666666666667 
5600 733 
5800 757.666666666667 
6000 781.666666666667 
6200 813
6400 833 
6600 856.666666666667 
6800 887.666666666667 
7000 913.666666666667 
7200 942.666666666667
7400 967.666666666667
7600 988 
7800 1012.66666666667 
8000 1039 
8200 1083 
8400 1091.66666666667 
8600 1120 
8800 1145 
9000 1172
9200 1195 
9400 1236.33333333333 
9600 1247.33333333333 
9800 1276.33333333333 
10000 1322.66666666667 